float Ad_Fit[100][6] = 
{
1,  -2.61e-14,  -2.6143e-14,  3.7048e-14,  4.6566e-14,  3.716e-14,
0.001,  -2.3451e-17,  -2.3758e-17,  3.3183e-17,  4.2086e-17,  3.399e-17,
0,  0,  0,  0,  0,  0,
0,  0,  0,  0,  0,  0,
1.0123e-06,  -1.7094e-05,  -1.5914e-07,  -2.3025e-07,  -9.6238e-07,  2.2968e-07,
3.3742e-10,  -5.6979e-09,  -5.3047e-11,  -7.6745e-11,  -3.2079e-10,  7.656e-11,
1.0123e-06,  -1.5914e-07,  -1.7094e-05,  2.2968e-07,  -9.6238e-07,  -2.3025e-07,
3.3742e-10,  -5.3047e-11,  -5.6979e-09,  7.656e-11,  -3.2079e-10,  -7.6745e-11,
0,  0,  0,  0,  0,  0,
0,  0,  0,  0,  0,  0,
0,  0,  0,  0,  0,  0,
1,  -2.61e-14,  -2.6143e-14,  3.7048e-14,  4.6566e-14,  3.716e-14,
0,  0,  0,  0,  0,  0,
0,  0,  0,  0,  0,  0,
0.0020245,  -0.034188,  -0.00031829,  -0.00046058,  -0.0019248,  0.00045937,
1.0123e-06,  -1.7094e-05,  -1.5914e-07,  -2.3025e-07,  -9.6238e-07,  2.2968e-07,
0.0020245,  -0.00031829,  -0.034188,  0.00045937,  -0.0019248,  -0.00046058,
1.0123e-06,  -1.5914e-07,  -1.7094e-05,  2.2968e-07,  -9.6238e-07,  -2.3025e-07,
0,  0,  0,  0,  0,  0,
0,  0,  0,  0,  0,  0,
0,  0,  0,  0,  0,  0,
0,  0,  0,  0,  0,  0,
1,  -2.61e-14,  -2.6143e-14,  3.7048e-14,  4.6566e-14,  3.716e-14,
0.001,  -2.3451e-17,  -2.3758e-17,  3.3183e-17,  4.2086e-17,  3.399e-17,
5.2248e-07,  -1.0314e-05,  9.1342e-08,  9.3289e-07,  5.2344e-07,  -1.3191e-07,
1.7416e-10,  -3.4379e-09,  3.0447e-11,  3.1097e-10,  1.7448e-10,  -4.3968e-11,
-5.2248e-07,  -9.1342e-08,  1.0314e-05,  1.3191e-07,  -5.2344e-07,  -9.3289e-07,
-1.7416e-10,  -3.0447e-11,  3.4379e-09,  4.3968e-11,  -1.7448e-10,  -3.1097e-10,
0,  0,  0,  0,  0,  0,
0,  0,  0,  0,  0,  0,
0,  0,  0,  0,  0,  0,
0,  0,  0,  0,  0,  0,
0,  0,  0,  0,  0,  0,
1,  -2.61e-14,  -2.6143e-14,  3.7048e-14,  4.6566e-14,  3.716e-14,
0.001045,  -0.020628,  0.00018269,  0.0018658,  0.0010469,  -0.00026381,
5.2248e-07,  -1.0314e-05,  9.1342e-08,  9.3289e-07,  5.2344e-07,  -1.3191e-07,
-0.001045,  -0.00018269,  0.020628,  0.00026381,  -0.0010469,  -0.0018658,
-5.2248e-07,  -9.1342e-08,  1.0314e-05,  1.3191e-07,  -5.2344e-07,  -9.3289e-07,
0,  0,  0,  0,  0,  0,
0,  0,  0,  0,  0,  0,
0,  0,  0,  0,  0,  0,
0,  0,  0,  0,  0,  0,
0,  0,  0,  0,  0,  0,
0,  0,  0,  0,  0,  0,
1,  0.00020194,  2.3294e-08,  -0.00034974,  6.0154e-08,  -4.2319e-08,
0.001,  6.7312e-08,  7.7645e-12,  -1.1658e-07,  2.0051e-11,  -1.4106e-11,
-5.4638e-08,  5.4147e-07,  4.6836e-06,  -1.5324e-06,  -9.9426e-07,  -5.1533e-06,
-1.8212e-11,  1.8049e-10,  1.5612e-09,  -5.108e-10,  -3.3142e-10,  -1.7178e-09,
0,  0,  0,  0,  0,  0,
0,  0,  0,  0,  0,  0,
0,  0,  0,  0,  0,  0,
0,  0,  0,  0,  0,  0,
0,  0,  0,  0,  0,  0,
0,  0,  0,  0,  0,  0,
0.0098039,  0.40388,  4.6589e-05,  -0.69948,  0.00012031,  -8.4641e-05,
1,  0.00020194,  2.3294e-08,  -0.00034974,  6.0154e-08,  -4.2319e-08,
-0.00010928,  0.001083,  0.0093674,  -0.003065,  -0.0019885,  -0.010307,
-5.4638e-08,  5.4147e-07,  4.6836e-06,  -1.5324e-06,  -9.9426e-07,  -5.1533e-06,
0,  0,  0,  0,  0,  0,
0,  0,  0,  0,  0,  0,
0,  0,  0,  0,  0,  0,
0,  0,  0,  0,  0,  0,
0,  0,  0,  0,  0,  0,
0,  0,  0,  0,  0,  0,
-5.4638e-08,  4.6836e-06,  5.4147e-07,  -5.1533e-06,  -9.9426e-07,  -1.5324e-06,
-1.8212e-11,  1.5612e-09,  1.8049e-10,  -1.7178e-09,  -3.3142e-10,  -5.108e-10,
1,  2.3294e-08,  0.00020194,  -4.2319e-08,  6.0154e-08,  -0.00034974,
0.001,  7.7645e-12,  6.7312e-08,  -1.4106e-11,  2.0051e-11,  -1.1658e-07,
0,  0,  0,  0,  0,  0,
0,  0,  0,  0,  0,  0,
0,  0,  0,  0,  0,  0,
0,  0,  0,  0,  0,  0,
0,  0,  0,  0,  0,  0,
0,  0,  0,  0,  0,  0,
-0.00010928,  0.0093674,  0.001083,  -0.010307,  -0.0019885,  -0.003065,
-5.4638e-08,  4.6836e-06,  5.4147e-07,  -5.1533e-06,  -9.9426e-07,  -1.5324e-06,
0.0098039,  4.6589e-05,  0.40388,  -8.4641e-05,  0.00012031,  -0.69948,
1,  2.3294e-08,  0.00020194,  -4.2319e-08,  6.0154e-08,  -0.00034974,
0,  0,  0,  0,  0,  0,
0,  0,  0,  0,  0,  0,
0,  0,  0,  0,  0,  0,
0,  0,  0,  0,  0,  0,
0,  0,  0,  0,  0,  0,
0,  0,  0,  0,  0,  0,
9.4289e-07,  -3.5057e-05,  -2.3624e-07,  2.3252e-05,  -1.1401e-06,  3.9135e-07,
3.1429e-10,  -1.1686e-08,  -7.8747e-11,  7.7507e-09,  -3.8004e-10,  1.3045e-10,
9.4289e-07,  -2.3624e-07,  -3.5057e-05,  3.9135e-07,  -1.1401e-06,  2.3252e-05,
3.1429e-10,  -7.8747e-11,  -1.1686e-08,  1.3045e-10,  -3.8004e-10,  7.7507e-09,
1,  3.5661e-14,  3.555e-14,  -5.146e-14,  -6.4391e-14,  -5.1168e-14,
0.001,  5.3973e-18,  5.2239e-18,  -8.1587e-18,  -9.9669e-18,  -7.7031e-18,
0,  0,  0,  0,  0,  0,
0,  0,  0,  0,  0,  0,
0,  0,  0,  0,  0,  0,
0,  0,  0,  0,  0,  0,
0.0018858,  -0.070115,  -0.0004725,  0.046505,  -0.0022803,  0.00078271,
9.4289e-07,  -3.5057e-05,  -2.3624e-07,  2.3252e-05,  -1.1401e-06,  3.9135e-07,
0.0018858,  -0.0004725,  -0.070115,  0.00078271,  -0.0022803,  0.046505,
9.4289e-07,  -2.3624e-07,  -3.5057e-05,  3.9135e-07,  -1.1401e-06,  2.3252e-05,
0.071409,  -9.6865e-16,  -9.4907e-16,  1.394e-15,  1.7232e-15,  1.3426e-15,
1,  3.5661e-14,  3.555e-14,  -5.146e-14,  -6.4391e-14,  -5.1168e-14,
};
