float Bd[10][4] = 
{
1.2943e-06,  1.2943e-06,  -2.0477e-07,  -2.0477e-07,
0.0025887,  0.0025887,  -0.00040953,  -0.00040953,
-7.4689e-06,  7.4689e-06,  -1.2143e-07,  1.2143e-07,
-0.014938,  0.014938,  -0.00024286,  0.00024286,
-7.4098e-06,  -2.2906e-06,  2.5831e-06,  5.6403e-08,
-0.01482,  -0.0045813,  0.0051663,  0.00011281,
-2.2906e-06,  -7.4098e-06,  5.6403e-08,  2.5831e-06,
-0.0045813,  -0.01482,  0.00011281,  0.0051663,
-2.3605e-06,  -2.3605e-06,  -3.1881e-06,  -3.1881e-06,
-0.0047211,  -0.0047211,  -0.0063763,  -0.0063763,
};
