float P[40][6] = 
{
-2.1218,  -6.7532,  6.8111,  11.005,  -3.9023,  -7.7882,
-3.6909,  -6.3943,  12.37,  12.141,  -8.3991,  -15.241,
-2.6337,  5.5787,  -2.6729,  -5.1355,  6.2197,  3.4007,
-0.98879,  2.5577,  -1.307,  -2.3316,  3.064,  1.6383,
-2.8201,  -46.831,  13.669,  33.755,  -21.319,  -17.978,
-0.74932,  -5.8089,  2.0571,  2.9005,  -1.2386,  -3.0785,
-2.7223,  7.1783,  -19.542,  -8.6947,  43.984,  22.996,
-0.55448,  0.96001,  -1.6593,  -0.11482,  1.2454,  1.3932,
-23.042,  45.608,  20.202,  -30.336,  -21.706,  -24.489,
-1.7084,  3.0328,  2.4584,  -0.96114,  -3.1188,  -2.8986,
-2.1218,  6.8111,  -6.7532,  -7.7882,  -3.9023,  11.005,
-3.6909,  12.37,  -6.3943,  -15.241,  -8.3991,  12.141,
2.6337,  2.6729,  -5.5787,  -3.4007,  -6.2197,  5.1355,
0.98879,  1.307,  -2.5577,  -1.6383,  -3.064,  2.3316,
-2.7223,  -19.542,  7.1783,  22.996,  43.984,  -8.6947,
-0.55448,  -1.6593,  0.96001,  1.3932,  1.2454,  -0.11482,
-2.8201,  13.669,  -46.831,  -17.978,  -21.319,  33.755,
-0.74932,  2.0571,  -5.8089,  -3.0785,  -1.2386,  2.9005,
-23.042,  20.202,  45.608,  -24.489,  -21.706,  -30.336,
-1.7084,  2.4584,  3.0328,  -2.8986,  -3.1188,  -0.96114,
0.85506,  8.1518,  -5.7249,  -23.081,  2.7741,  11.339,
1.905,  8.8568,  -10.165,  -28.656,  6.1162,  18.618,
-0.5879,  -14.842,  -2.9382,  21.309,  -9.039,  6.5659,
-0.17162,  -7.0162,  -1.6956,  10.145,  -4.4586,  3.4633,
5.9914,  92.746,  4.5298,  -124.05,  43.688,  -14.174,
2.0121,  3.3189,  0.0027352,  -5.1029,  4.0008,  -0.22243,
2.0372,  -30.446,  -34.643,  50.777,  -73.635,  57.72,
-0.18286,  -3.3314,  -1.0153,  3.6978,  -5.4997,  2.2305,
-40.203,  -96.9,  17.09,  116.53,  28.105,  -32.816,
-2.0855,  -8.6964,  1.8887,  8.5067,  3.6313,  -3.0589,
0.85506,  -5.7249,  8.1518,  11.339,  2.7741,  -23.081,
1.905,  -10.165,  8.8568,  18.618,  6.1162,  -28.656,
0.5879,  2.9382,  14.842,  -6.5659,  9.039,  -21.309,
0.17162,  1.6956,  7.0162,  -3.4633,  4.4586,  -10.145,
2.0372,  -34.643,  -30.446,  57.72,  -73.635,  50.777,
-0.18286,  -1.0153,  -3.3314,  2.2305,  -5.4997,  3.6978,
5.9914,  4.5298,  92.746,  -14.174,  43.688,  -124.05,
2.0121,  0.0027352,  3.3189,  -0.22243,  4.0008,  -5.1029,
-40.203,  17.09,  -96.9,  -32.816,  28.105,  116.53,
-2.0855,  1.8887,  -8.6964,  -3.0589,  3.6313,  8.5067,
};
