float Ad[10][10] = 
{
1,  0.001,  0,  0,  -2.4794e-06,  -8.2647e-10,  -2.4794e-06,  -8.2647e-10,  0,  0,
0,  1,  0,  0,  -0.0049589,  -2.4794e-06,  -0.0049589,  -2.4794e-06,  0,  0,
0,  0,  1,  0.001,  -1.4703e-06,  -4.9011e-10,  1.4703e-06,  4.9011e-10,  0,  0,
0,  0,  0,  1,  -0.0029407,  -1.4703e-06,  0.0029407,  1.4703e-06,  0,  0,
0,  0,  0,  0,  1,  0.001,  6.8296e-07,  2.2765e-10,  0,  0,
0,  0,  0,  0,  0.062557,  1,  0.0013659,  6.8296e-07,  0,  0,
0,  0,  0,  0,  6.8296e-07,  2.2765e-10,  1,  0.001,  0,  0,
0,  0,  0,  0,  0.0013659,  6.8296e-07,  0.062557,  1,  0,  0,
0,  0,  0,  0,  -5.217e-06,  -1.739e-09,  -5.217e-06,  -1.739e-09,  1,  0.001,
0,  0,  0,  0,  -0.010434,  -5.217e-06,  -0.010434,  -5.217e-06,  0.071409,  1,
};
