float Bd_Fit[40][6] = 
{
3.4936e-07,  3.9609e-06,  1.1771e-06,  -1.4533e-06,  1.6778e-07,  -7.9049e-07,
3.4936e-07,  1.1771e-06,  3.9609e-06,  -7.9049e-07,  1.6778e-07,  -1.4533e-06,
-3.118e-08,  -1.2873e-06,  -3.9222e-08,  2.2242e-06,  4.4831e-08,  1.975e-08,
-3.118e-08,  -3.9222e-08,  -1.2873e-06,  1.975e-08,  4.4831e-08,  2.2242e-06,
0.00069871,  0.0079219,  0.0023542,  -0.0029066,  0.00033556,  -0.001581,
0.00069871,  0.0023542,  0.0079219,  -0.001581,  0.00033556,  -0.0029066,
-6.2359e-05,  -0.0025747,  -7.8444e-05,  0.0044484,  8.9662e-05,  3.95e-05,
-6.2359e-05,  -7.8444e-05,  -0.0025747,  3.95e-05,  8.9662e-05,  0.0044484,
-7.7741e-06,  2.2986e-06,  -6.6267e-07,  -9.4306e-07,  -6.4924e-08,  4.5482e-07,
7.7741e-06,  6.6267e-07,  -2.2986e-06,  -4.5482e-07,  6.4924e-08,  9.4306e-07,
-4.2367e-08,  -6.4064e-07,  2.1986e-08,  1.1513e-06,  -2.5451e-08,  -1.1376e-08,
4.2367e-08,  -2.1986e-08,  6.4064e-07,  1.1376e-08,  2.5451e-08,  -1.1513e-06,
-0.015548,  0.0045973,  -0.0013253,  -0.0018861,  -0.00012985,  0.00090964,
0.015548,  0.0013253,  -0.0045973,  -0.00090964,  0.00012985,  0.0018861,
-8.4734e-05,  -0.0012813,  4.3973e-05,  0.0023026,  -5.0902e-05,  -2.2753e-05,
8.4734e-05,  -4.3973e-05,  0.0012813,  2.2753e-05,  5.0902e-05,  -0.0023026,
-4.7008e-06,  -2.2458e-05,  -1.2552e-07,  4.4929e-05,  1.6033e-08,  1.4653e-07,
-2.1565e-06,  -1.2096e-06,  -7.0757e-07,  5.279e-06,  1.4682e-07,  7.9048e-07,
5.6971e-06,  -2.1085e-05,  3.843e-09,  2.7527e-05,  -3.8773e-09,  -3.6749e-09,
8.9343e-08,  2.0025e-08,  -2.1061e-07,  -1.3197e-07,  4.7391e-08,  2.1447e-07,
-0.0094016,  -0.044916,  -0.00025105,  0.089859,  3.2066e-05,  0.00029308,
-0.0043131,  -0.0024194,  -0.0014152,  0.010558,  0.00029363,  0.001581,
0.011394,  -0.042169,  7.6861e-06,  0.055053,  -7.7547e-06,  -7.35e-06,
0.00017869,  4.0056e-05,  -0.00042123,  -0.00026394,  9.478e-05,  0.00042894,
-2.1565e-06,  -7.0757e-07,  -1.2096e-06,  7.9048e-07,  1.4682e-07,  5.279e-06,
-4.7008e-06,  -1.2552e-07,  -2.2458e-05,  1.4653e-07,  1.6033e-08,  4.4929e-05,
8.9343e-08,  -2.1061e-07,  2.0025e-08,  2.1447e-07,  4.7391e-08,  -1.3197e-07,
5.6971e-06,  3.843e-09,  -2.1085e-05,  -3.6749e-09,  -3.8773e-09,  2.7527e-05,
-0.0043131,  -0.0014152,  -0.0024194,  0.001581,  0.00029363,  0.010558,
-0.0094016,  -0.00025105,  -0.044916,  0.00029308,  3.2066e-05,  0.089859,
0.00017869,  -0.00042123,  4.0056e-05,  0.00042894,  9.478e-05,  -0.00026394,
0.011394,  7.6861e-06,  -0.042169,  -7.35e-06,  -7.7547e-06,  0.055053,
-3.7295e-06,  6.4841e-06,  1.5589e-06,  -4.8479e-06,  1.9877e-07,  -1.3473e-06,
-3.7295e-06,  1.5589e-06,  6.4841e-06,  -1.3473e-06,  1.9877e-07,  -4.8479e-06,
-3.18e-06,  -1.9548e-07,  -5.0575e-08,  9.3811e-07,  5.3112e-08,  3.3667e-08,
-3.18e-06,  -5.0575e-08,  -1.9548e-07,  3.3667e-08,  5.3112e-08,  9.3811e-07,
-0.007459,  0.012968,  0.0031178,  -0.0096959,  0.00039755,  -0.0026946,
-0.007459,  0.0031178,  0.012968,  -0.0026946,  0.00039755,  -0.0096959,
-0.0063601,  -0.00039099,  -0.00010115,  0.0018763,  0.00010622,  6.7335e-05,
-0.0063601,  -0.00010115,  -0.00039099,  6.7335e-05,  0.00010622,  0.0018763,
};
