float P[40][6] = 
{
-2.1579,  -2.4553,  2.264,  3.9263,  -2.1559,  -1.7444,
-3.1352,  0.28003,  5.4924,  1.3683,  -7.1779,  -5.2707,
-14.155,  8.5614,  -7.8893,  -6.2248,  0.31101,  7.8479,
-0.98281,  1.2801,  -1.2791,  -0.97779,  0.11361,  1.3125,
-2.1852,  -25.683,  8.9633,  14.23,  10.02,  -11.584,
-0.43367,  -3.2928,  1.6488,  0.60928,  0.68028,  -1.9617,
-2.0163,  6.0597,  -21.442,  -5.3362,  11.678,  17.178,
-0.42413,  1.049,  -2.4634,  -0.60553,  -0.063761,  1.3134,
-20.935,  29.986,  14.72,  -16.287,  -12.626,  -7.7324,
-1.2,  1.6727,  1.6704,  -0.58995,  -2.2536,  -1.0434,
-2.1579,  2.264,  -2.4553,  -1.7444,  -2.1559,  3.9263,
-3.1352,  5.4924,  0.28003,  -5.2707,  -7.1779,  1.3683,
14.155,  7.8893,  -8.5614,  -7.8479,  -0.31101,  6.2248,
0.98281,  1.2791,  -1.2801,  -1.3125,  -0.11361,  0.97779,
-2.0163,  -21.442,  6.0597,  17.178,  11.678,  -5.3362,
-0.42413,  -2.4634,  1.049,  1.3134,  -0.063761,  -0.60553,
-2.1852,  8.9633,  -25.683,  -11.584,  10.02,  14.23,
-0.43367,  1.6488,  -3.2928,  -1.9617,  0.68028,  0.60928,
-20.935,  14.72,  29.986,  -7.7324,  -12.626,  -16.287,
-1.2,  1.6704,  1.6727,  -1.0434,  -2.2536,  -0.58995,
1.2375,  25.114,  -22.459,  -48.931,  -2.5588,  41.099,
2.0654,  26.044,  -28.227,  -52.941,  1.1469,  50.022,
-1.1492,  -34.646,  -0.61976,  42.299,  -34.283,  10.299,
-0.07552,  -4.5569,  -0.78726,  5.5056,  -6.2948,  1.8872,
6.6993,  65.982,  -8.3764,  -67.694,  62.444,  10.003,
1.0046,  7.9085,  -2.5412,  -7.8255,  4.5927,  5.2536,
-1.8815,  -9.4693,  -19.04,  10.411,  -95.874,  26.737,
-0.2302,  -0.10256,  -2.9424,  -2.7814,  -7.9939,  3.5773,
-133.23,  -42.138,  -8.2505,  33.77,  20.755,  2.3246,
-3.812,  -3.3951,  -0.56397,  0.38589,  2.539,  1.4721,
1.2375,  -22.459,  25.114,  41.099,  -2.5588,  -48.931,
2.0654,  -28.227,  26.044,  50.022,  1.1469,  -52.941,
1.1492,  0.61976,  34.646,  -10.299,  34.283,  -42.299,
0.07552,  0.78726,  4.5569,  -1.8872,  6.2948,  -5.5056,
-1.8815,  -19.04,  -9.4693,  26.737,  -95.874,  10.411,
-0.2302,  -2.9424,  -0.10256,  3.5773,  -7.9939,  -2.7814,
6.6993,  -8.3764,  65.982,  10.003,  62.444,  -67.694,
1.0046,  -2.5412,  7.9085,  5.2536,  4.5927,  -7.8255,
-133.23,  -8.2505,  -42.138,  2.3246,  20.755,  33.77,
-3.812,  -0.56397,  -3.3951,  1.4721,  2.539,  0.38589,
};
