float L[14][10] = 
{
0.6,  0.0010002,  -2.4559e-17,  4.7944e-17,  -2.4799e-06,  -9.0222e-07,  -2.4799e-06,  -9.0222e-07,  -1.3982e-10,  -2.7964e-07,
2.3442e-07,  0.60047,  -0,  8.4991e-17,  -0.0049598,  -0.0018053,  -0.0049598,  -0.0018053,  -2.7964e-07,  -0.00055928,
3.3728e-18,  -2.6641e-18,  0.6,  0.0010075,  -1.4703e-06,  -4.8827e-10,  1.4703e-06,  4.8827e-10,  -4.0502e-17,  -1.8932e-17,
2.2598e-17,  7.4124e-18,  7.5e-06,  0.615,  -0.0029407,  -1.4703e-06,  0.0029407,  1.4703e-06,  -0,  8.3468e-17,
-4.5069e-10,  -9.0139e-07,  9.1894e-16,  -4.5904e-19,  0.60003,  0.0010074,  6.8291e-07,  -1.116e-07,  -1.7343e-11,  -3.4693e-08,
-9.0139e-07,  -0.0018028,  1.8379e-12,  -9.2434e-16,  0.062564,  0.61481,  0.0013658,  -0.00022298,  -3.4687e-08,  -6.9387e-05,
-4.5069e-10,  -9.0139e-07,  -9.4677e-16,  -5.4778e-18,  6.8291e-07,  -1.116e-07,  0.60003,  0.0010074,  -1.7343e-11,  -3.4693e-08,
-9.0139e-07,  -0.0018028,  -1.8379e-12,  9.4223e-16,  0.0013658,  -0.00022298,  0.062564,  0.61481,  -3.4687e-08,  -6.9387e-05,
-1.3982e-10,  -2.7964e-07,  1.0024e-17,  3.1345e-17,  -5.217e-06,  -3.6426e-08,  -5.217e-06,  -3.6426e-08,  0.60004,  0.0010075,
-2.7964e-07,  -0.00055928,  -8.7455e-18,  8.7536e-18,  -0.010434,  -7.4604e-05,  -0.010434,  -7.4604e-05,  0.071417,  0.61501,
2.6182e-05,  0.052364,  -0.00014582,  -0.29164,  -0.00010029,  -0.20057,  -8.627e-05,  -0.17254,  -7.8909e-05,  -0.15782,
2.6182e-05,  0.052364,  0.00014582,  0.29164,  -8.627e-05,  -0.17254,  -0.00010029,  -0.20057,  -7.8909e-05,  -0.15782,
-6.2284e-06,  -0.012457,  -0.00029543,  -0.59087,  0.00050173,  1.0035,  -0.00036034,  -0.72068,  -0.00029394,  -0.58788,
-6.2284e-06,  -0.012457,  0.00029543,  0.59087,  -0.00036034,  -0.72068,  0.00050173,  1.0035,  -0.00029394,  -0.58788,
};
