float L_Fit[140][6] = 
{
0.6,  7.2437e-11,  7.2437e-11,  1.0848e-09,  -6.06e-10,  1.0848e-09,
0.0010001,  1.4488e-07,  1.4488e-07,  2.1695e-06,  -1.212e-06,  2.1695e-06,
-2.1519e-17,  3.8059e-10,  -3.8059e-10,  -3.6691e-10,  -5.8396e-17,  3.6691e-10,
1.0878e-17,  7.6117e-07,  -7.6117e-07,  -7.3382e-07,  1.5198e-15,  7.3382e-07,
1.0121e-06,  -1.7096e-05,  -1.588e-07,  -2.2989e-07,  -9.6213e-07,  2.2943e-07,
-2.4139e-07,  -4.1309e-06,  6.8243e-07,  7.2606e-07,  4.9122e-07,  -4.9511e-07,
1.0121e-06,  -1.588e-07,  -1.7096e-05,  2.2943e-07,  -9.6213e-07,  -2.2989e-07,
-2.4139e-07,  6.8243e-07,  -4.1309e-06,  -4.9511e-07,  4.9122e-07,  7.2606e-07,
-2.799e-10,  4.7659e-10,  4.7659e-10,  -2.9048e-10,  -6.8135e-10,  -2.9048e-10,
-5.5979e-07,  9.5318e-07,  9.5318e-07,  -5.8094e-07,  -1.3627e-06,  -5.8094e-07,
5.1401e-08,  1.4488e-07,  1.4488e-07,  2.1695e-06,  -1.212e-06,  2.1695e-06,
0.6001,  0.00028977,  0.00028977,  0.004339,  -0.002424,  0.004339,
4.5794e-18,  7.6117e-07,  -7.6117e-07,  -7.3383e-07,  2.0259e-16,  7.3383e-07,
3.247e-17,  0.0015223,  -0.0015223,  -0.0014676,  1.6219e-15,  0.0014676,
0.0020243,  -0.034192,  -0.0003176,  -0.00045986,  -0.0019243,  0.00045887,
-0.00048244,  -0.0082675,  0.0013648,  0.001452,  0.00098213,  -0.00099013,
0.0020243,  -0.0003176,  -0.034192,  0.00045887,  -0.0019243,  -0.00045986,
-0.00048244,  0.0013648,  -0.0082675,  -0.00099013,  0.00098213,  0.001452,
-5.5979e-07,  9.5317e-07,  9.5317e-07,  -5.8095e-07,  -1.3627e-06,  -5.8095e-07,
-0.0011196,  0.0019064,  0.0019064,  -0.0011619,  -0.0027254,  -0.0011619,
-7.5642e-18,  3.8059e-10,  -3.8059e-10,  -3.6691e-10,  1.5503e-16,  3.6691e-10,
1.3802e-17,  7.6117e-07,  -7.6117e-07,  -7.3383e-07,  9.7906e-17,  7.3383e-07,
0.6,  2.1297e-13,  2.1245e-13,  -1.5075e-11,  2.9762e-11,  -1.5074e-11,
0.0010075,  4.2671e-10,  4.2671e-10,  -3.0151e-08,  5.9521e-08,  -3.0151e-08,
5.2248e-07,  -1.0314e-05,  9.1317e-08,  9.3297e-07,  5.233e-07,  -1.3184e-07,
5.1518e-10,  4.6136e-08,  -5.1473e-08,  1.5743e-07,  -2.7638e-07,  1.2069e-07,
-5.2248e-07,  -9.1317e-08,  1.0314e-05,  1.3184e-07,  -5.233e-07,  -9.3297e-07,
-5.1518e-10,  5.1473e-08,  -4.6136e-08,  -1.2069e-07,  2.7638e-07,  -1.5743e-07,
6.9036e-17,  2.0255e-11,  -2.0256e-11,  -2.7848e-11,  1.1616e-15,  2.7849e-11,
1.245e-17,  4.0512e-08,  -4.0512e-08,  -5.5699e-08,  1.7793e-15,  5.5699e-08,
-8.8189e-18,  7.6117e-07,  -7.6117e-07,  -7.3382e-07,  -1.1522e-16,  7.3382e-07,
1.1018e-17,  0.0015223,  -0.0015223,  -0.0014676,  2.6289e-16,  0.0014676,
7.4999e-06,  4.2671e-10,  4.2671e-10,  -3.0151e-08,  5.9521e-08,  -3.0151e-08,
0.615,  8.5341e-07,  8.5341e-07,  -6.0303e-05,  0.00011904,  -6.0303e-05,
0.001045,  -0.020627,  0.00018263,  0.0018659,  0.0010466,  -0.00026369,
1.2058e-06,  8.8808e-05,  -0.00010292,  0.00031518,  -0.00055259,  0.00024133,
-0.001045,  -0.00018263,  0.020627,  0.00026369,  -0.0010466,  -0.0018659,
-1.2058e-06,  0.00010292,  -8.8808e-05,  -0.00024133,  0.00055259,  -0.00031518,
5.2927e-18,  4.0512e-08,  -4.0512e-08,  -5.5698e-08,  2.6672e-16,  5.5698e-08,
1.1014e-17,  8.1024e-05,  -8.1024e-05,  -0.0001114,  1.9452e-15,  0.0001114,
-1.2086e-10,  -2.0626e-09,  3.4124e-10,  3.6306e-10,  2.4577e-10,  -2.4759e-10,
-2.4173e-07,  -4.1252e-06,  6.8248e-07,  7.2612e-07,  4.9153e-07,  -4.9518e-07,
1.7052e-13,  2.4787e-11,  -2.5752e-11,  7.8558e-11,  -1.3828e-10,  6.0367e-11,
3.4167e-10,  4.9561e-08,  -5.1503e-08,  1.5712e-07,  -2.7655e-07,  1.2073e-07,
0.6,  0.00020194,  2.3333e-08,  -0.00034974,  6.0481e-08,  -4.2412e-08,
0.0010075,  -2.5257e-07,  7.8307e-08,  -1.9949e-06,  6.5436e-07,  -1.8527e-07,
-5.4641e-08,  5.4141e-07,  4.6836e-06,  -1.5323e-06,  -9.9522e-07,  -5.1532e-06,
-6.4895e-09,  -1.2222e-07,  -1.2085e-07,  2.5221e-07,  -1.9154e-06,  2.5101e-07,
-1.3201e-11,  -8.6243e-11,  5.6069e-11,  8.3829e-11,  2.6114e-11,  -6.2656e-11,
-2.6402e-08,  -1.7253e-07,  1.1214e-07,  1.6769e-07,  5.223e-08,  -1.2531e-07,
-2.4173e-07,  -4.1252e-06,  6.8248e-07,  7.2613e-07,  4.9154e-07,  -4.9518e-07,
-0.00048345,  -0.0082504,  0.001365,  0.0014523,  0.00098309,  -0.00099036,
3.4102e-10,  4.9574e-08,  -5.1504e-08,  1.5712e-07,  -2.7656e-07,  1.2073e-07,
6.8334e-07,  9.9122e-05,  -0.00010301,  0.00031424,  -0.00055311,  0.00024147,
0.0098114,  0.40388,  4.6667e-05,  -0.69948,  0.00012097,  -8.4826e-05,
0.61499,  -0.00043733,  0.00015662,  -0.0041073,  0.0013087,  -0.00037056,
-0.00010929,  0.0010829,  0.0093673,  -0.0030647,  -0.0019904,  -0.010306,
-1.2997e-05,  -0.00024427,  -0.00024013,  0.00050392,  -0.0038312,  0.00050029,
-2.6403e-08,  -1.7249e-07,  1.1214e-07,  1.6766e-07,  5.223e-08,  -1.2531e-07,
-5.2803e-05,  -0.00034507,  0.00022428,  0.00033539,  0.00010446,  -0.00025062,
-1.2086e-10,  3.4124e-10,  -2.0626e-09,  -2.4759e-10,  2.4577e-10,  3.6306e-10,
-2.4173e-07,  6.8248e-07,  -4.1252e-06,  -4.9518e-07,  4.9153e-07,  7.2612e-07,
-1.7052e-13,  2.5752e-11,  -2.4787e-11,  -6.0367e-11,  1.3828e-10,  -7.8558e-11,
-3.4167e-10,  5.1503e-08,  -4.9561e-08,  -1.2073e-07,  2.7655e-07,  -1.5712e-07,
-5.4641e-08,  4.6836e-06,  5.4141e-07,  -5.1532e-06,  -9.9522e-07,  -1.5323e-06,
-6.4895e-09,  -1.2085e-07,  -1.2222e-07,  2.5101e-07,  -1.9154e-06,  2.5221e-07,
0.6,  2.3333e-08,  0.00020194,  -4.2412e-08,  6.0481e-08,  -0.00034974,
0.0010075,  7.8307e-08,  -2.5257e-07,  -1.8527e-07,  6.5436e-07,  -1.9949e-06,
-1.3201e-11,  5.6068e-11,  -8.6243e-11,  -6.2655e-11,  2.6114e-11,  8.3829e-11,
-2.6402e-08,  1.1214e-07,  -1.7253e-07,  -1.2531e-07,  5.223e-08,  1.6769e-07,
-2.4173e-07,  6.8248e-07,  -4.1252e-06,  -4.9518e-07,  4.9154e-07,  7.2613e-07,
-0.00048345,  0.001365,  -0.0082504,  -0.00099036,  0.00098309,  0.0014523,
-3.4102e-10,  5.1504e-08,  -4.9574e-08,  -1.2073e-07,  2.7656e-07,  -1.5712e-07,
-6.8334e-07,  0.00010301,  -9.9122e-05,  -0.00024147,  0.00055311,  -0.00031424,
-0.00010929,  0.0093673,  0.0010829,  -0.010306,  -0.0019904,  -0.0030647,
-1.2997e-05,  -0.00024013,  -0.00024427,  0.00050029,  -0.0038312,  0.00050392,
0.0098114,  4.6667e-05,  0.40388,  -8.4826e-05,  0.00012097,  -0.69948,
0.61499,  0.00015662,  -0.00043733,  -0.00037056,  0.0013087,  -0.0041073,
-2.6403e-08,  1.1214e-07,  -1.7249e-07,  -1.2531e-07,  5.223e-08,  1.6766e-07,
-5.2803e-05,  0.00022428,  -0.00034507,  -0.00025062,  0.00010446,  0.00033539,
-2.799e-10,  4.7659e-10,  4.7659e-10,  -2.9048e-10,  -6.8135e-10,  -2.9048e-10,
-5.5979e-07,  9.5317e-07,  9.5317e-07,  -5.8095e-07,  -1.3627e-06,  -5.8095e-07,
-5.8233e-18,  2.0256e-11,  -2.0256e-11,  -2.7849e-11,  -1.6663e-16,  2.7849e-11,
-4.2795e-17,  4.0512e-08,  -4.0512e-08,  -5.5698e-08,  -3.979e-16,  5.5698e-08,
9.4288e-07,  -3.5057e-05,  -2.3619e-07,  2.3252e-05,  -1.1401e-06,  3.9128e-07,
-2.6088e-08,  -1.8417e-07,  1.1206e-07,  1.7541e-07,  5.1849e-08,  -1.2518e-07,
9.4288e-07,  -2.3619e-07,  -3.5057e-05,  3.9128e-07,  -1.1401e-06,  2.3252e-05,
-2.6088e-08,  1.1206e-07,  -1.8417e-07,  -1.2518e-07,  5.1849e-08,  1.7541e-07,
0.60004,  4.8009e-11,  4.8009e-11,  -3.7652e-11,  -7.8087e-11,  -3.7652e-11,
0.0010075,  9.6024e-08,  9.6024e-08,  -7.5311e-08,  -1.5618e-07,  -7.5311e-08,
-5.5979e-07,  9.5318e-07,  9.5318e-07,  -5.8094e-07,  -1.3627e-06,  -5.8094e-07,
-0.0011196,  0.0019064,  0.0019064,  -0.0011619,  -0.0027254,  -0.0011619,
2.0466e-18,  4.0512e-08,  -4.0512e-08,  -5.5699e-08,  1.0425e-16,  5.5699e-08,
-2.7508e-17,  8.1024e-05,  -8.1024e-05,  -0.0001114,  -3.4255e-16,  0.0001114,
0.0018858,  -0.070115,  -0.00047238,  0.046505,  -0.0022803,  0.00078259,
-5.186e-05,  -0.00038013,  0.00022404,  0.00035864,  0.00010332,  -0.00025023,
0.0018858,  -0.00047238,  -0.070115,  0.00078259,  -0.0022803,  0.046505,
-5.186e-05,  0.00022404,  -0.00038013,  -0.00025023,  0.00010332,  0.00035864,
0.071417,  9.6024e-08,  9.6024e-08,  -7.5311e-08,  -1.5618e-07,  -7.5311e-08,
0.61496,  0.00019205,  0.00019205,  -0.00015062,  -0.00031237,  -0.00015062,
1.6457e-05,  -4.075e-06,  2.2109e-05,  0.00019585,  -0.00017765,  0.00013464,
0.032914,  -0.0081495,  0.044219,  0.3917,  -0.3553,  0.26929,
-0.00014582,  0.00021058,  -0.00021059,  -0.00019579,  -9.8811e-08,  0.00019591,
-0.29164,  0.42115,  -0.42119,  -0.39158,  -0.00019763,  0.39181,
-8.5349e-05,  -0.00026693,  0.00020244,  5.8711e-05,  7.7856e-05,  -0.00018746,
-0.1707,  -0.53386,  0.40489,  0.11743,  0.15572,  -0.37491,
-8.5325e-05,  0.00019934,  -0.00019388,  -0.00017981,  7.6935e-05,  5.2049e-05,
-0.17065,  0.39869,  -0.38777,  -0.35962,  0.15387,  0.10411,
-0.00015474,  0.00025916,  0.00026024,  -0.00016988,  -0.00035815,  -0.0001724,
-0.30947,  0.51833,  0.52049,  -0.33977,  -0.71632,  -0.3448,
1.6457e-05,  2.2109e-05,  -4.075e-06,  0.00013464,  -0.00017765,  0.00019585,
0.032914,  0.044219,  -0.0081495,  0.26929,  -0.3553,  0.3917,
0.00014582,  0.00021059,  -0.00021058,  -0.00019591,  9.8811e-08,  0.00019579,
0.29164,  0.42119,  -0.42115,  -0.39181,  0.00019763,  0.39158,
-8.5325e-05,  -0.00019388,  0.00019934,  5.2049e-05,  7.6935e-05,  -0.00017981,
-0.17065,  -0.38777,  0.39869,  0.10411,  0.15387,  -0.35962,
-8.5349e-05,  0.00020244,  -0.00026693,  -0.00018746,  7.7856e-05,  5.8711e-05,
-0.1707,  0.40489,  -0.53386,  -0.37491,  0.15572,  0.11743,
-0.00015474,  0.00026024,  0.00025916,  -0.0001724,  -0.00035815,  -0.00016988,
-0.30947,  0.52049,  0.51833,  -0.3448,  -0.71632,  -0.33977,
8.1118e-06,  -5.0961e-05,  -3.8433e-05,  -0.00070157,  0.00028593,  0.00050411,
0.016224,  -0.10192,  -0.076866,  -1.4031,  0.57187,  1.0082,
-2.1307e-05,  -0.00098983,  -0.00038234,  0.0012811,  -0.0019917,  0.00071866,
-0.042614,  -1.9797,  -0.76467,  2.5623,  -3.9834,  1.4373,
0.00027851,  0.00049313,  0.00031852,  -0.00031639,  0.0025272,  -0.0006894,
0.55702,  0.98628,  0.63704,  -0.63281,  5.0544,  -1.3788,
-7.65e-05,  -0.00091097,  -0.00025957,  0.0012507,  -0.0027164,  0.00022294,
-0.153,  -1.8219,  -0.51915,  2.5015,  -5.4328,  0.44591,
-0.00018454,  -0.0013187,  0.00056777,  0.0011065,  0.00051572,  -0.00060392,
-0.36908,  -2.6374,  1.1355,  2.2129,  1.0315,  -1.2078,
8.1118e-06,  -3.8433e-05,  -5.0961e-05,  0.00050411,  0.00028593,  -0.00070157,
0.016224,  -0.076866,  -0.10192,  1.0082,  0.57187,  -1.4031,
2.1307e-05,  0.00038234,  0.00098983,  -0.00071866,  0.0019917,  -0.0012811,
0.042614,  0.76467,  1.9797,  -1.4373,  3.9834,  -2.5623,
-7.65e-05,  -0.00025957,  -0.00091097,  0.00022294,  -0.0027164,  0.0012507,
-0.153,  -0.51915,  -1.8219,  0.44591,  -5.4328,  2.5015,
0.00027851,  0.00031852,  0.00049313,  -0.0006894,  0.0025272,  -0.00031639,
0.55702,  0.63704,  0.98628,  -1.3788,  5.0544,  -0.63281,
-0.00018454,  0.00056777,  -0.0013187,  -0.00060392,  0.00051572,  0.0011065,
-0.36908,  1.1355,  -2.6374,  -1.2078,  1.0315,  2.2129,
};
